5.5683E-04  4.8510E-04  7.3850E-04   41.062
1.4205E-03  1.2380E-03  1.8843E-03   41.072
2.1177E-03  1.8464E-03  2.8096E-03   41.085
2.6460E-03  2.3079E-03  3.5111E-03   41.096
2.9765E-03  2.5969E-03  3.9501E-03   41.104
3.0891E-03  2.6954E-03  4.0997E-03   41.106
2.9765E-03  2.5969E-03  3.9501E-03   41.104
2.6460E-03  2.3079E-03  3.5111E-03   41.096
2.1177E-03  1.8464E-03  2.8096E-03   41.085
1.4205E-03  1.2380E-03  1.8843E-03   41.072
5.5683E-04  4.8510E-04  7.3850E-04   41.062
1.3184E-03 -6.1017E-04  1.4528E-03  -24.835
3.3715E-03 -1.4543E-03  3.6718E-03  -23.333
5.0360E-03 -1.9904E-03  5.4151E-03  -21.566
6.3008E-03 -2.2190E-03  6.6801E-03  -19.401
7.0936E-03 -2.0954E-03  7.3966E-03  -16.457
7.3638E-03 -1.7251E-03  7.5631E-03  -13.185
7.0936E-03 -2.0954E-03  7.3966E-03  -16.457
6.3008E-03 -2.2190E-03  6.6801E-03  -19.401
5.0360E-03 -1.9904E-03  5.4151E-03  -21.566
3.3715E-03 -1.4543E-03  3.6718E-03  -23.333
1.3184E-03 -6.1017E-04  1.4528E-03  -24.835
5.5683E-04  4.8510E-04  7.3850E-04   41.062
1.4205E-03  1.2380E-03  1.8843E-03   41.072
2.1177E-03  1.8464E-03  2.8096E-03   41.085
2.6460E-03  2.3079E-03  3.5111E-03   41.096
2.9765E-03  2.5969E-03  3.9501E-03   41.104
3.0891E-03  2.6954E-03  4.0997E-03   41.106
2.9765E-03  2.5969E-03  3.9501E-03   41.104
2.6460E-03  2.3079E-03  3.5111E-03   41.096
2.1177E-03  1.8464E-03  2.8096E-03   41.085
1.4205E-03  1.2380E-03  1.8843E-03   41.072
5.5683E-04  4.8510E-04  7.3850E-04   41.062