-4.9395E-05 -1.2285E-04  1.3241E-04 -111.904
-1.2938E-04 -3.1460E-04  3.4017E-04 -112.356
-1.9683E-04 -4.7053E-04  5.1004E-04 -112.700
-2.4940E-04 -5.8933E-04  6.3993E-04 -112.938
-2.8289E-04 -6.6393E-04  7.2169E-04 -113.078
-2.9439E-04 -6.8938E-04  7.4961E-04 -113.124
-2.8289E-04 -6.6393E-04  7.2169E-04 -113.078
-2.4940E-04 -5.8933E-04  6.3993E-04 -112.938
-1.9683E-04 -4.7053E-04  5.1004E-04 -112.700
-1.2938E-04 -3.1460E-04  3.4017E-04 -112.356
-4.9395E-05 -1.2285E-04  1.3241E-04 -111.904
 5.5661E-04  4.8332E-04  7.3716E-04   40.969
 1.4201E-03  1.2351E-03  1.8821E-03   41.012
 2.1174E-03  1.8440E-03  2.8078E-03   41.051
 2.6459E-03  2.3066E-03  3.5101E-03   41.081
 2.9765E-03  2.5966E-03  3.9499E-03   41.100
 3.0891E-03  2.6954E-03  4.0997E-03   41.107
 2.9765E-03  2.5966E-03  3.9499E-03   41.100
 2.6459E-03  2.3066E-03  3.5101E-03   41.081
 2.1174E-03  1.8440E-03  2.8078E-03   41.051
 1.4201E-03  1.2351E-03  1.8821E-03   41.012
 5.5661E-04  4.8332E-04  7.3716E-04   40.969
 1.4236E-03 -9.2265E-04  1.6964E-03  -32.948
 3.6407E-03 -2.2517E-03  4.2807E-03  -31.736
 5.4383E-03 -3.1794E-03  6.2995E-03  -30.312
 6.8045E-03 -3.7048E-03  7.7477E-03  -28.567
 7.6609E-03 -3.7670E-03  8.5370E-03  -26.184
 7.9528E-03 -3.4599E-03  8.6729E-03  -23.512
 7.6609E-03 -3.7670E-03  8.5370E-03  -26.184
 6.8045E-03 -3.7048E-03  7.7477E-03  -28.567
 5.4383E-03 -3.1794E-03  6.2995E-03  -30.312
 3.6407E-03 -2.2517E-03  4.2807E-03  -31.736
 1.4236E-03 -9.2265E-04  1.6964E-03  -32.948